  1       J0001-0826 00 01 15.11 -08 26 46.2  SDSS  0.33     d  156
  2       J0007+0536 00 07 05.88 +05 36 02.3  EE                307                         I  8
  3 a     J0017-0149 00 17 32.28 -01 49 23.7  EE                 91                         II
  4       J0020-0950 00 20 08.01 -09 50 53.3  EE                 11                         I  1
  5       J0027+0224 00 27 19.11 +02 24 28.9  2MASX 0.13     *  133                            1, 2
  6       J0034+1140 03 34 30.50 +11 40 40.9  SDSS               18
  7       J0035-0834 00 35 03.48 -08 34 39.2  2MASS             387                         II 8
  8       J0041-0651 00 41 10.52 -06 51 05.2  EE                 48                            1
  9 a,c   J0041+0028 00 41 52.16 +00 28 34.9  SDSS  0.15     d   94                         II 13, 15
 10       J0044+1026 00 44 58.90 +10 26 44.2  EE                226
 11       J0045-0701 00 45 47.96 -07 01 40.7  EE                123                         II 22
 12       J0046-0805 00 46 36.48 -08 05 45.6  EE                 15                         II 1
 13       J0057-0100 00 57 29.38 -01 00 59.1  EE                 30
 14       J0057-0336 00 57 33.71 -03 36 09.6  2MASX 0.16     d   86                         I  1, 2, 16
 15 a     J0103+0041 01 03 29.65 +00 41 01.8  EE                155  641  -0.63             I
 16 a,d   J0120+0021 01 20 58.94 +00 21 39.2  EE                 45  185  -0.63             II
 17       J0158-0215 01 58 30.16 -02 15 30.4  SDSS  0.44     d   23                         II
 18 d     J0159-0119 01 59 55.52 -01 19 59.9  EE                 23                         I
 19       J0212-0450 02 12 16.55 -04 50 38.8  EE                156                         II
 20       J0224+0659 02 24 28.64 +06 59 23.2  EE                776 1965  -0.41             I
 21       J0229+0429 02 29 02.09 +04 29 03.3  2MASX 0.19     d   34                         II 1, 2, 8
 22       J0233-0321 02 33 17.70 -03 21 00.6  EE                662                         II 4
 23       J0242-0544 02 42 04.91 -05 44 17.0  2MASX 0.14     d   65                         I  8, 16
 24 c     J0245-0648 02 45 57.86 -06 48 55.91 EE                 29                            14
 25 a     J0248-0113 02 48 08.57 -01 13 44.2  SDSS  0.28     d   23
 26       J0308-0607 03 08 50.29 -06 07 37.2  2MASX              88                            1
 27       J0312-0633 03 12 55.23 -06 33 43.1  EE                170                         II
 28       J0313-0631 03 13 29.05 -06 31 19.5  EE                 87                            1
 29       J0318-0810 03 18 00.43 -08 10 20.5  EE                 24
 30 a     J0320+0059 03 20 29.23 +00 59 44.9  EE                 75  392  -0.74             I
 31       J0331-0730 03 31 31.48 -07 30 01.8  EE                 56                         II 1
 32       J0332+0024 03 32 36.25 +00 24 57.2  EE                 15   58  -0.60             I  1
 33       J0334+0102 03 34 00.64 +01 02 15.9  SDSS  0.38     d    6
 34       J0335-0719 03 35 48.23 -07 19 12.5  EE                 84                         II
 35       J0703+6014 07 03 11.18 +60 14 23.1  2MASX              54  155  -0.47             I  1
 36       J0704+6228 07 04 22.20 +62 28 13.2  EE                 44  205  -0.69             I  1
 37       J0715+4829 07 15 19.07 +48 29 32.0  EE                 39
 38       J0717+4405 07 17 26.66 +44 05 02.3  EE                223  770  -0.55
 39       J0719+5519 07 19 36.64 +55 19 42.8  EE                 62  425  -0.86                1
 40       J0723+3323 07 23 59.55 +33 23 20.2  EE                151  525  -0.56             I  6, 1, 2
 41       J0724+3639 07 24 19.13 +36 39 56.7  EE                 52  168  -0.52             I
 42       J0726+3102 07 26 49.96 +31 02 04.0  2MASX             143  887  -0.82             I
 43       J0733+4213 07 33 12.73 +42 13 00.9  EE                275
 44 a     J0734+2933 07 34 06.21 +29 33 16.5  EE                106  610  -0.78             I
 45       J0736+1857 07 36 17.12 +18 57 10.2  2MASX             139  994  -0.88             I  1, 2
 46 a     J0741+2620 07 41 01.20 +26 20 36.6  EE                 10   64  -0.83
 47       J0744+1658 07 44 59.31 +16 58 59.7  EE                 41  107  -0.43             II 1
 48       J0744+4353 07 44 42.18 +43 53 07.8  EE                 17   59  -0.56             I  1
 49       J0748+2324 07 48 45.09 +23 24 45.7  SDSS  0.19     d  515 3238  -0.82   7.48
 50       J0748+4849 07 48 30.52 +48 49 55.1  EE                 12                            1
 51       J0750+1741 07 50 49.80 +17 41 41.9  EE                 79  460  -0.79             II 2
 52       J0750+5841 07 50 18.30 +58 41 36.3  2MASX              46  200  -0.66             I  1, 6
 53       J0750+5856 07 50 05.16 +58 56 59.4  GALEX              92                         I
 54 a     J0752+3750 07 52 28.25 +37 50 56.7  EE                380 2557  -0.85             II 4
 55       J0755+1909 07 55 11.29 +19 09 36.9  SDSS  0.31     d   35  132  -0.59   2.00      I  20
 56       J0757+5824 07 57 38.30 +58 24 37.5  2MASX              19                            1
 57 a,c   J0806+2531 08 06 11.29 +25 31 37.8  EE                129
 58       J0811+1029 08 11 40.88 +10 29 27.3  2MASX              81  469  -0.78                1
 59       J0813+4347 08 13 00.11 +43 47 48.6  2MASX 0.13     d  337                            6, 13
 60       J0814+4300 08 14 03.34 +43 00 12.9  EE                 64  294  -0.68
 61       J0815+3840 08 15 12.34 +38 40 45.4  2MASX 0.13     d  500 3313  -0.85   3.18      II 13
 62 c     J0816+5716 08 16 59.33 +57 16 28.8  2MASX 0.20     d  143  718  -0.72   2.58      II 1, 2, 6
 63       J0818+3858 08 18 22.16 +38 58 40.4  EE                 52  276  -0.74
 64 c     J0818+4956 08 18 00.73 +49 56 11.8  SDSS  0.28     d  125 1144  -0.99   4.25      II 1, 20
 65       J0819+1849 08 19 01.55 +18 49 18.2  EE                 59  358  -0.81                1
 66 d     J0819+3332 08 19 28.70 +33 32 47.4  EE                  6   40  -0.85
 67       J0820+3034 08 20 32.51 +30 34 49.8  EE                446 4473  -1.03             I  6
 68       J0822+1435 08 22 58.44 +14 35 47.5  EE                  7
 69       J0826+0359 08 26 08.51 +03 59 03.6  SDSS  0.20     d   57                         II 13, 20
 70       J0830+0836 08 30 16.63 +08 36 53.4  EE                 51  110  -0.34             II 1
 71       J0831+3914 08 31 08.01 +39 14 28.1  EE                 73                            1
 72       J0833+1027 08 33 45.45 +10 27 53.1  2MASX 0.29     d   42                         II 1, 2
 73       J0833+4940 08 33 10.17 +49 40 05.3  2MASX 0.05     d   43  157  -0.58   0.05      I  1, 13
 74       J0834+0019 08 34 09.58 +00 19 48.6  EE                 28   44  -0.20
 75 d     J0837+6020 08 37 34.89 +60 20 46.6  EE                 16                         II 1
 76 b     J0839+0609 08 39 13.94 +06 09 44.9  SDSS  0.41     d   26   60  -0.37   4.35      I  1
 77       J0840+3826 08 40 10.61 +38 26 27.5  SDSS              120  621  -0.74             I
 78 c     J0841-0202 08 41 32.00 -02 03 19.7  EE                 35                         II
 79       J0841+1235 08 41 58.63 +12 35 12.4  SDSS  0.31     d   15                         I
 80       J0841+5258 08 41 02.16 +52 58 54.1  SDSS  0.52     d   27  115  -0.65   4.52      I  1
 81 c     J0844+2129 08 44 45.33 +21 29 30.7  SDSS              120  631  -0.74             II
 82       J0844+2606 08 44 33.40 +26 06 15.1  2MASX 0.11     d  100  251  -0.41   0.93      I  2, 10, 13
 83 c     J0846-0131 08 46 55.05 -01 31 42.7  EE                 28                         I  1
 84       J0847+3147 08 47 58.72 +31 47 54.3  EE                164                         II
 85       J0851+6227 08 51 59.09 +62 27 57.5  SDSS  0.92     *  281 1908  -0.86 152.79      I  15
 86       J0852+5639 08 52 15.76 +56 39 15.2  SDSS  0.40     d   22  127  -0.78   1.75      II 1, 20
 87       J0855+3454 08 55 34.71 +34 54 30.9  SDSS               66                            1
 88       J0856+2152 08 56 16.87 +21 52 52.8  SDSS  0.38     d   40  220  -0.76   2.87      I  1
 89       J0856+4951 08 56 18.71 +49 51 06.4  SDSS  0.62     d   37  167  -0.67   8.98      I  1
 90       J0858+1710 08 58 45.11 +17 10 03.1  2MASX 0.33     d   66                         II 2, 20
 91       J0858+5740 08 58 03.85 +57 40 13.8  SDSS  0.45     d   62  253  -0.63   7.70         1, 6,  12
 92       J0859-0251 08 59 54.39 -02 51 40.0  GALEX             404                            4
 93       J0900+1614 09 00 31.97 +16 14 25.6  SDSS               48                         I  14, 21
 94       J0900+5056 09 00 52.57 +50 56 22.6  2MASX 0.20     d  224                         II 13, 20
 95       J0902+1819 09 02 16.30 +18 19 04.3  EE                 79  434  -0.76             I
 96 a     J0903+3230 09 03 00.64 +32 30 40.7  EE                 85                         I
 97       J0904+5834 09 04 57.31 +58 34 49.9  SDSS  0.27     d   25                         I  1, 20
 98       J0907+0234 09 07 04.23 +02 34 38.1  EE                 40  160  -0.62             I  1
 99       J0908+3437 09 08 47.17 +34 37 39.8  SDSS  0.36     d   16                         I  1
100 a,c   J0910+3841 09 10 42.23 +38 41 25.6  SDSS               85  377  -0.67             I  15, 20
101       J0912+0534 09 12 35.82 +05 33 55.2  EE                 17   41  -0.39             II
102 c     J0912+0944 09 12 04.76 +09 44 07.4  SDSS  0.24     d   61              15.09         1
103       J0913+5208 09 13 15.78 +52 08 55.0  2MASX 0.19     d  227 1537  -0.86   3.23      I  13
104       J0916+0808 09 16 47.53 +08 08 47.9  SDSS               38   98  -0.42             I  1, 16
105 d     J0916+5844 09 16 08.58 +58 44 38.1  SDSS              790 4426  -0.77             II 1, 2, 6
106       J0917+0350 09 17 23.81 +03 50 04.4  SDSS               32  146  -0.68             II 1
107       J0917+4322 09 17 12.29 +43 22 48.9  SDSS               57  229  -0.62             I
108       J0923+0759 09 24 01.47 +07 58 51.1  EE                 51                         II
109       J0924-0524 09 24 27.17 -05 24 34.5  EE                 69
110       J0924+0627 09 24 04.91 +06 27 15.6  SDSS  0.20     d   48  123  -0.42   1.53      I  1, 13
111       J0924+2326 09 24 20.75 +23 26 33.9  EE                 32  138  -0.65             I
112       J0925-0557 09 25 31.68 -05 57 38.5  EE                 43                         II 1
113 c     J0926+0309 09 26 44.19 +03 09 19.7  SDSS  0.23     d  112                         I  13
114       J0927+4109 09 27 17.98 +41 09 21.8  EE                 14   61  -0.66
115       J0928-0507 09 28 51.88 -05 07 17.5  EE                139                         II 8
116       J0933+0600 09 33 24.84 +06 00 40.1  EE                102  472  -0.68             II
117       J0934+1829 09 34 34.29 +18 29 30.5  2MASX 0.25     d   54  180  -0.54   2.15      II 1, 13
118       J0935-0325 09 35 23.36 -03 25 47.0  EE                128
119       J0935+1124 09 35 22.76 +11 24 57.5  EE                 34                         II
120       J0936-0627 09 36 02.19 -06 27 59.1  EE                106                         II
121       J0937+0245 09 37 43.70 +02 45 40.2  EE                 31
122       J0937+5800 09 37 28.52 +58 00 13.4  EE                 20  116  -0.79             II 1
123       J0940+1510 09 40 13.55 +15 10 53.2  SDSS  0.63     d   26  104  -0.62   7.02      I  1
124       J0940+4826 09 40 06.91 +48 26 49.2  SDSS  0.42     d   22   89  -0.62   2.35      I  1
125 d     J0941+0814 09 41 42.11 +08 14 00.5  EE                 38  150  -0.61             I
126       J0941+5751 09 41 46.01 +57 51 24.2  EE                109                         I
127       J0943+0611 09 43 09.45 +06 11 31.8  SDSS                9                         II
128       J0944-0234 09 44 33.77 -02 34 16.8  EE                 45                         II 1
129       J0946-0705 09 46 29.26 -07 05 31.3  EE                 50                            1
130       J0946+3604 09 46 44.44 +36 04 54.4  EE                 74  598  -0.93             I  6, 13, 14
131 c     J0947+0044 09 47 07.56 +00 44 16.6  2MASX 0.26     d   57                         II 1
132 c     J0947+5251 09 47 15.39 +52 50 57.9  EE                 52                         II
133       J0950-0437 09 50 18.42 -04 37 40.6  EE                 18                         I  1
134 a,c   J0953+2924 09 53 27.88 +29 24 19.8  EE                159                         II
135       J0954+4304 09 54 25.87 +43 04 16.1  SDSS  0.48     d   57  213  -0.59   8.70      II
136       J0954+6241 09 54 55.45 +62 41 30.2  2MASX 0.23     d   93  468  -0.72   2.26      I  1, 2, 6, 13
137       J0955-0247 09 55 13.50 -02 47 15.6  SDSS               61                         II
138       J0955+1102 09 55 51.61 +11 02 33.4  SDSS  0.28     d   33  127  -0.60   1.48      II
139       J0957-0645 09 57 20.04 -06 45 07.9  EE                 12
140       J0959-0454 09 59 03.53 -04 54 09.5  EE                 70                         I  1
141       J0959+5641 09 59 56.85 +56 41 14.6  EE                 21   77  -0.58             II
142       J0959+5751 09 59 37.65 +57 51 57.2  2MASX 0.08     d   51  147  -0.47   0.21      II 1, 7
143       J1001+4902 10 01 53.57 +49 20 33.2  2MASX              41                         II 1
144       J1002+4756 10 02 44.00 +47 56 20.2  SDSS               10   47  -0.69             II 1,  15
145       J1003+3730 10 03 46.59 +37 30 56.5  2MASX              57  206  -0.57                1, 6, 12
146       J1005+6022 10 05 01.01 +60 22 03.8  2MASX 0.23     d   61  221  -0.58   1.87      I  1, 6, 13
147       J1007+2904 10 07 15.78 +29 40 49.1  EE                 17   52  -0.50             I
148       J1008+0142 10 08 44.59 +01 42 11.4  EE                178 1040  -0.79             II 8
149 c     J1009+0337 10 09 43.50 +03 37 22.7  2MASX 0.11     d  185                         II 15
150       J1010-0601 10 10 57.71 -06 01 25.2  EE                 31                         I
151       J1018+0348 10 18 52.13 +03 48 56.1  EE                 13
152       J1019+0019 10 19 39.05 +00 19 46.1  EE                 53                         II
153       J1020+4828 10 20 56.98 +48 28 30.6  EE                208                         II 2
154       J1021+0024 10 21 41.19 +00 24 47.6  SDSS               26   78  -0.49                1
155       J1026+3259 10 26 22.33 +32 59 11.6  2MASX 0.24     d   76                         I  13, 20
156       J1031-0640 10 31 30.66 -06 40 28.1  EE                 30                         II 1
157       J1032+0144 10 32 40.96 +01 44 30.3  EE                 37  161  -0.66
158 a,b   J1032+3045 10 32 58.75 +30 45 39.4  SDSS  0.42     d   23  109  -0.70   1.67      II 1, 7
159       J1032+5505 10 32 01.09 +55 05 54.4  EE                 10   48  -0.70             I  1
160       J1033+0755 10 33 39.59 +07 55 30.2  EE                 29  273  -1.00             II
161       J1033+1923 10 33 08.11 +19 23 55.6  2MASX 0.19     d   30  129  -0.65   0.53      II 1, 13
162       J1035+3406 10 35 11.38 +34 06 24.6  SDSS  0.53     d  129  461  -0.57  25.53      I
163       J1038+4148 10 38 27.38 +41 48 43.5  EE                 48  111  -0.37
164 c     J1039-0645 10 39 47.12 -06 45 24.9  2MASS              47                         II
165 a     J1039+3338 10 39 16.34 +33 38 29.4  SDSS  0.36     d   10   42  -0.64   0.74         1, 20
166       J1045+5250 10 45 44.05 +52 50 17.1  2MASX 0.26     d   29
167       J1046+0538 10 46 43.42 +05 38 38.8  SDSS  0.30     d   51  253  -0.71   2.26         1
168       J1046+5434 10 46 41.67 +54 34 25.2  EE                 53                            1
169       J1047-0059 10 47 07.57 -00 59 20.9  EE                 19                         II
170 b     J1050+3040 10 50 10.5  +30 40 00.   2MASS 0.25     d   58  703  -1.12   1.73         17
171       J1051+0051 10 51 35.32 +00 51 33.8  SDSS  2.01     *   21  213  -1.04  88.65      II 1
172       J1054+5425 10 54 30.26 +54 25 05.8  2MASX 0.18     d   92  282  -0.50   1.95      II 1, 7, 10, 13
173       J1103+0356 11 03 32.44 +03 56 23.8  EE                101                         II
174       J1105+5943 11 05 24.26 +59 43 41.9  2MASX 0.36     d   89  504  -0.78   5.60      II 1, 2, 6, 7
175 a,b   J1108+2610 11 08 12.46 +26 10 33.8  2MASX 0.17     d  122  584  -0.70   1.58      I  1, 2, 7, 10
176       J1112+0346 11 12 44.34 +03 46 32.5  EE                 15                         II
177       J1114+3625 11 14 01.78 +34 25 03.2  SDSS  0.57     d   82                         II
178       J1115+0613 11 15 10.07 +06 13 03.9  EE                 12   74  -0.81             II 1
179       J1116-0435 11 16 06.35 -04 35 39.4  EE                 33                         II 1
180       J1116+4516 11 16 54.16 +45 16 17.6  2MASX              62  276  -0.67             I
181       J1118-0556 11 18 00.7  -05 56 25.5  EE                 63                         II 1
182 a,b,c J1118+3115 11 18 33.52 +31 15 16.3  EE                324 1998  -0.81
183       J1123-0700 11 23 51.34 -07 00 00.3  GALEX              28  183  -0.84                1
184       J1125+0314 11 25 08.80 +03 14 52.2  SDSS               12                         I  1
185 a,b   J1125+3618 11 25 23.73 +36 18 24.3  2MASX 0.28     d   45                            1
186       J1125+5827 11 25 39.13 +58 27 34.2  2MASX 0.25     d   20  172  -0.96   0.52      II 1
187 a     J1126+2638 11 26 30.83 +26 38 05.5  EE                 91  330  -0.58             II
188       J1126+5925 11 26 46.63 +59 25 49.9  EE                 31  238  -0.91   0.87      I  6
189       J1129+0550 11 29 02.74 +05 50 49.9  SDSS  0.32     *   19   43  -0.36   1.90      II
190 a,b   J1130+2524 11 30 48.83 +25 24 35.6  2MASX 0.14         96                         II 1, 13
191       J1130+5457 11 30 50.30 +54 57 44.0  EE                 20  100  -0.72             II 1
192       J1131+0435 11 31 40.91 +04 35 20.8  EE                 36   90  -0.41   0.40      II
193       J1131-0600 11 31 56.47 -06 00 12.1  EE                 88                         II
194       J1138+2012 11 38 00.00 +20 12 22.6  EE                 64  248  -0.61             I
195       J1138+2039 11 38 50.25 +20 39 18.4  SDSS  0.18     d   67  267  -0.62   1.12      I  1, 13
196 c     J1143+0729 11 43 39.85 +07 29 59.6  2MASX 0.10     d   70                         II 13, 15, 20
197       J1143+1525 11 43 16.54 +15 25 13.2  2MASX              15                            1
198       J1144-0114 11 44 57.93 -01 14 34.4  EE                 32                         I  1
199       J1144+5833 11 44 48.08 +58 33 50.4  SDSS  0.34     d   47                         II
200 c     J1145-0757 11 45 53.08 -07 57 53.6  EE                 51                         II 1
201       J1146-0504 11 46 21.91 -05 04 48.2  EE                109
202       J1147+5421 11 47 28.97 +54 21 37.3  SDSS               70  375  -0.75             I  1, 2, 6, 10
203 a,b   J1148+2332 11 48 33.14 +23 32 25.9  2MASX 0.18     d   40  160  -0.62   0.67      I  1, 13, 20
204       J1149-0144 11 49 28.17 -01 44 41.6  EE                 63                         II
205       J1149+3136 11 49 36.32 +31 36 32.5  EE                 10                            1
206       J1150+5728 11 50 56.08 +57 28 06.5  SDSS  0.54     *   16   85  -0.75   2.61      I  1, 16
207 a,c   J1152+3405 11 52 43.66 +34 05 33.9  EE                 35                         II
208 a     J1154+3635 11 54 34.82 +36 35 39.9  2MASX 0.11     d   42                         II 1, 6, 13
209       J1155-0125 11 55 00.48 -01 25 52.0  2MASX             112                         I  9
210       J1158+0037 11 58 21.34 +00 37 08.1  EE                 22                         II
211       J1158+0946 11 58 54.01 +09 46 31.9  EE                 20   50  -0.41             II 1
212       J1159-0127 11 59 40.93 -01 27 15.1  EE                 92                         I
213       J1201+3257 12 01 51.87 +32 57 01.3  EE                158                         II 6
214       J1204+4834 12 04 45.05 +48 34 59.9  EE                 29  190  -0.84             II
215 a     J1205+3204 12 05 14.01 +32 04 41.4  EE                185                         II 6
216 a,b   J1209+2420 12 09 38.29 +24 20 38.4  EE                 35  134  -0.60             I
217 a     J1209+3708 12 09 24.08 +37 08 49.5  GALEX             101  477  -0.70             I  6
218       J1210+4812 12 10 28.26 +48 12 57.5  EE                 38  216  -0.78             I
219 b     J1211+0607 12 11 10.99 +06 07 44.2  2MASX 0.14     d   36   88  -0.40   0.56      I  13
220       J1213-0327 12 13 45.43 -03 27 09.5  EE                 26                         II 1
221       J1213+5612 12 13 18.95 +56 12 54.1  EE                 13                         I  1
222       J1216+0342 12 16 40.13 +03 42 31.5  2MASX 0.08     d   20                         I  13
223       J1219+0014 12 19 05.57 +00 14 16.4  SDSS  0.41     d   16                         I  1
224       J1220+4759 12 20 13.15 +47 59 46.8  2MASX 0.30     d   56                         I  1
225       J1221-0113 12 21 59.88 -01 13 59.3  SDSS               72                         II
226       J1221-0108 12 21 59.66 -01 08 00.8  SDSS  0.24     *   56                         II
227       J1230+1144 12 30 11.43 +11 44 45.3  EE                385 1421  -0.58             II
228       J1232+3130 12 32 11.44 +31 30 58.1  SDSS  0.35     d   80  320  -0.62   5.72      I  1
229       J1233+1928 12 33 16.72 +19 28 50.4  2MASX 0.23     d  106  452  -0.65   2.86      II 13
230 a     J1233+3559 12 33 24.51 +35 59 15.5  EE                 16  252  -1.23                1
231       J1235+5625 12 35 07.09 +56 25 05.6  SDSS  0.39     *  116  631  -0.76             I
232       J1237+2013 12 37 20.33 +20 13 52.6  EE                 19  103  -0.76             I  1
233 b     J1241+2734 12 41 08.79 +27 34 47.1  EE                177                         II
234       J1242+4041 12 42 47.76 +40 41 44.3  SDSS  0.45     d   43  204  -0.70   4.87      I
235       J1246+5453 12 46 47.53 +54 53 15.2  2MASX 0.08     d   40  136  -0.55   0.14      I  1, 13
236       J1247+4042 12 47 01.00 +40 42 02.3  SDSS               75  304  -0.62             I
237       J1249+0143 12 49 48.06 +01 43 19.5  EE                 77
238 a,b   J1249+3038 12 49 42.23 +30 38 37.9  2MASX 0.19     d   86                         I  13
239       J1250-0132 12 50 03.80 -01 32 25.0  2MASX 0.08     *  384                         II 14
240       J1250+0839 12 50 10.59 +08 39 52.7  SDSS  0.35     d   13                         II 1
241       J1250+1133 12 50 13.31 +11 33 08.0  SDSS  1.29     *   53  280  -0.74  65.91      I  16
242       J1251-0123 12 51 18.15 -01 23 12.5  EE                 26
243       J1253+0604 12 53 26.70 +06 04 39.7  SDSS  0.000255 d   46  292  -0.82   0.0000147 II 1, 2
244       J1254+6134 12 54 31.99 +61 34  5.6  SDSS               54                         II 1, 15
245       J1255+0152 12 55 17.00 +01 52 59.5  EE                  8                         II
246       J1256+0125 12 56 22.78 +01 25 16.0  SDSS              164                         II
247       J1259+4617 12 59 41.85 +46 17 39.9  SDSS  0.42     d   13                         I
248       J1300+2916 13 00 58.31 +29 16 34.2  SDSS  0.52     d   10  171  -1.27   2.29      I  1
249       J1301-0649 13 01 35.45 -06 49 58.1  EE                110                         I
250 c     J1304+1855 13 04 09.29 +18 55 48.7  2MASX 0.20     d   52  100  -0.29   2.31         1
251       J1306-0539 13 06 30.4  -05 39 26.2  EE                 22                         II
252 a     J1306+3338 13 06 07.11 +33 38 13.5  SDSS  0.30     d   22   68  -0.50   1.39      I  1, 5
253 c     J1307+5651 13 07 43.70 +56 51 03.3  2MASX 0.25     d  136                         II 13
254       J1308+0829 13 08 36.40 +08 29 00.7  EE                 13   66  -0.73             I
255       J1315+0612 13 15 17.25 +06 12 57.3  SDSS  0.26     *   45  123  -0.45   1.80      II 14
256       J1319+5443 13 19 52.38 +54 43 08.6  SDSS  0.37     d   16   71  -0.67   1.21      I
257       J1320-0341 13 20 31.33 -03 41 05.6  EE                 55                         II
258       J1321-0637 13 21 40.56 -06 37 11.5  EE                 16                            1
259 a,b   J1325+3419 13 25 23.51 +34 19 24.5  EE                 23                         I  1
260       J1327+0007 13 27 57.47 +00 07 47.4  EE                 56                         II
261       J1329-0511 13 29 23.93 -05 11 15.2  EE                 13                         I  1
262 c     J1333-0657 13 33 38.09 -06 57 56.4  EE                 32                         II
263       J1333+0944 13 33 25.85 +09 44 31.9  SDSS  0.32     d   24                         I  1
264 c     J1333+5427 13 33 35.23 +54 27 43.5  2MASX 0.11     d  183                         II 2, 6, 13
265       J1336+0047 13 36 05.49 +00 47 26.6  2MASX 0.27     d   59  185  -0.51   2.91      I
266       J1337-0803 13 37 32.72 -08 03 36.8  EE                 48                            1
267       J1339-0726 13 39 02.73 -07 26 43.4  EE                 63                            1
268       J1340+5439 13 40 48.19 +54 39 49.4  EE                 80  243  -0.50             II 1
269       J1341-0116 13 41 21.03 -01 16 14.3  EE                 25                         II
270       J1345-0451 13 45 22.29 -04 51 49.8  EE                 61                         II
271       J1345+0855 13 45 04.67 +08 55 07.2  EE                 14                         II 1
272       J1345+3655 13 45 54.08 +36 55 03.1  EE                213 1383  -0.84
273       J1345+5332 13 45 46.01 +53 32 48.9  EE                434                         II
274       J1345+6110 13 45 03.06 +61 10 31.6  SDSS  0.51     d   19   55  -0.47   4.10      I
275 c     J1351-0548 13 51 20.54 -05 48 50.4  EE                349
276       J1351+0712 13 51 44.72 +07 12 17.0  SDSS              126 1938  -1.19             I
277       J1353-0732 13 53 30.31 -07 32 16.7  2MASX              26                         II 1
278       J1354+0528 13 54 42.27 +05 28 56.1  2MASX 0.08     d   40  112  -0.46   0.16      I  1, 13, 15
279       J1355+1758 13 55 47.13 +17 58 45.0  SDSS  0.33     d   29   52  -0.26   4.05      I
280       J1359+2808 13 59 05.03 +28 08 09.9  EE                 75  383  -0.73             I
281       J1401+0740 14 01 23.41 +07 40 40.1  SDSS  0.27     d   16   43  -0.44   0.78         1
282 c     J1401+2833 14 01 48.60 +28 33 17.9  EE                105  157  -0.18             II
283       J1401+3256 14 01 08.86 +32 56 00.5  EE                 16  115  -0.88             I
284       J1401+5654 14 01 09.98 +56 54 20.6  SDSS               43                         I
285       J1406+0211 14 06 05.67 +02 11 53.9  EE                 15   45  -0.49             I  1
286       J1408+0511 14 08 53.71 +05 11 24.6  EE                  8                         II 1
287       J1408+4540 14 08 06.63 +45 40 54.6  EE                 10                         I
288       J1410-0636 14 10 55.79 -06 36 39.5  EE                114                         I
289       J1410+5846 14 10 54.06 +58 46 55.4  SDSS  0.48     d   45  201  -0.67   6.09      I  15
290       J1411-0731 14 11 38.33 -07 31 43.6  EE                 51                         II
291       J1411+1048 14 11 29.33 +10 48 59.1  2MASX 0.16     d   28  106  -0.59   0.38      II 1, 13
292       J1411+4535 14 11 10.93 +45 35 18.1  EE                 37   86  -0.37                1
293       J1412+0043 14 12 20.57 +00 43 14.9  EE                  9
294       J1412+0153 14 12 51.75 +01 53 51.4  EE                 18  131  -0.89             I  1
295       J1412+0257 14 12 09.48 +02 57 51.8  SDSS               23                         II 15
296       J1412+2157 14 12 53.65 +21 57 43.9  EE                 38  140  -0.58             I  1
297       J1415+2326 14 15 38.85 +23 26 50.7  EE                 22  175  -0.93             I
298       J1416+2147 14 16 13.79 +21 47 42.8  2MASX 0.19     d   11                         I
299       J1417+0114 14 17 52.89 +01 14 42.7  SDSS  0.38     d   13                         I
300       J1419+4657 14 19 40.16 +46 57 29.9  SDSS  0.48     d   67  362  -0.75   8.27      I
301 c     J1420-0622 14 20 31.37 -06 22 43.4  EE                 26
302       J1422+0825 14 22 58.90 +08 25 18.8  EE                 16                         I
303       J1424+0025 14 24 20.20 +00 25 34.0  EE                158  714  -0.67             I  8
304 b     J1424+0403 14 24 46.46 +04 03 45.6  SDSS  0.36     d   20                         II
305       J1425+5545 14 25 47.10 +55 45 26.1  EE                 47  280  -0.80                1
306       J1426+4102 14 26 39.46 +41 02 48.9  SDSS  0.36     d   41                         I
307 a     J1429+2336 14 29 19.16 +23 36 16.7  SDSS               83                         II
308 b     J1433+1913 14 33 20.47 +19 13 29.0  2MASX 0.21     d   23                         II 1, 13
309       J1435+5507 14 35 28.46 +55 07 52.1  2MASX 0.14     d  480 3017  -0.82   3.59      II 2, 6, 13, 16
310       J1437+1950 14 37 37.96 +19 50 11.9  EE                 70  274  -0.61             II
311       J1438+0926 14 38 07.58 +09 26 11.7  SDSS  0.33     d   60  213  -0.57   4.16      II
312       J1438+4753 14 38 40.48 +47 53 56.8  SDSS               47                         II
313       J1440+1342 14 40 02.86 +13 42 17.9  SDSS               11                         II
314       J1443-0111 14 43 47.49 -01 11 36.9  EE                  8                         I
315       J1443+5201 14 43 02.78 +52 01 37.3  EE    0.14     d 2541                         I  1, 2, 10, 14
316       J1444-0311 14 44 57.45 -03 11 51.3  EE                370                         II
317       J1444-0542 14 44 29.96 -05 42 48.8  EE                 70                         I
318 a     J1445+2951 14 45 12.73 +29 51 36.9  EE                 30  141  -0.69             I  1
319       J1445+6357 14 45 38.45 +63 57 33.8  SDSS  0.30     d   22  123  -0.77   0.92      II
320       J1446+1402 14 46 33.83 +14 02 11.9  2MASX 0.12     d   22              78.17      I  1, 13
321       J1446+4319 14 46 00.93 +43 19 12.8  SDSS                8   51   0.83
322       J1448+5944 14 48 38.85 +59 44 52.0  2MASX 0.28     d  130  465  -0.57   6.20      II
323 c     J1450+1447 14 50 01.50 +14 47 47.7  2MASX 0.30     d   90                         II 1
324 c     J1450+2728 14 50 22.52 +27 28 20.5  2MASX 0.12     d   86  280  -0.53   0.73      II 7, 13, 15
325       J1452+0636 14 52 30.11 +06 36 45.0  EE                 20                         II
326       J1452+1707 14 52 22.84 +17 07 17.9  SDSS  0.04     d  174                         II 13
327 b     J1457+0232 14 57 22.66 +02 32 56.4  2MASX 0.15     d   78  110  -0.15   2.79      II 1, 13, 16
328       J1457+3140 14 57 55.85 +31 40 57.1  EE                 73                         II
329 a,b   J1459+2754 14 59 00.23 +27 54 00.8  2MASX 0.23     d   16                         I  1, 13
330       J1501+2134 15 01 28.25 +21 34 23.8  EE    0.26     d  228 1378  -0.80   6.70      II 1, 2, 9
331       J1504+1409 15 04 43.54 +14 09 25.8  EE                  6
332       J1505+0253 15 05 50.75 +02 53 04.6  2MASX 0.05     d   42   89  -0.34   0.09      I  1, 15
333 c     J1510+0544 15 10 56.07 +05 44 41.7  EE                552 7719  -1.18             I  20
334       J1511+3633 15 11 25.92 +36 33 36.0  2MASX 0.16     *  144                         I  13, 16, 20
335       J1512+0612 15 12 54.82 +06 12 11.7  2MASX 0.17     d   28                         II 1, 13, 20
336       J1512+1513 15 12 20.61 +15 13 51.3  EE                 66  266  -0.62                1
337       J1512+3654 15 12 18.26 +36 54 18.8  2MASX 0.29     d   52  220  -0.64   2.36      II 1, 16, 20
338 a     J1520+2329 15 20 01.08 +23 29 05.2  SDSS  0.48     d   10   48  -0.70   1.30      II 1, 20
339 a,c   J1521+3157 15 21 26.98 +31 57 33.3  2MASX 0.31     d   82                         II 20
340       J1521+5104 15 21 25.02 +51 04 03.1  EE                273 2201  -0.93             I  1
341       J1524+1321 15 24 43.44 +13 21 21.3  EE                  6                         I
342       J1528+0714 15 28 18.54 +07 14 09.3  SDSS  0.39     d   24                         I  1, 20
343       J1529-0431 15 29 18.88 -04 31 38.3  EE                 33                         II
344       J1532+0028 15 32 52.09 +00 28 09.4  SDSS               29                         I
345       J1532+4658 15 32 01.76 +46 58 52.8  SDSS  0.32     d   25   51  -0.32   2.80      II 1
346       J1533+5700 15 33 46.37 +57 00 11.9  2MASX 0.22     d  110  449  -0.63   2.79      I  1, 2, 6, 20
347       J1534+0556 15 34 39.48 +05 56 17.5  SDSS               43  125  -0.48             I  14, 20
348       J1536-0201 15 36 44.82 -02 01 36.8  EE                241                            1
349       J1537+4051 15 37 52.75 +40 51 30.6  EE                 15   84  -0.77
350       J1538+3557 15 38 56.78 +35 57 09.6  SDSS              168                         I  20
351       J1539-0215 15 39 59.25 -02 15 10.2  SDSS               34                         I
352       J1539-0544 15 39 23.41 -05 44 42.9  EE                 20                         I  1
353       J1539+0450 15 39 04.01 +04 50 56.9  SDSS  0.17     d    8                         II 1, 13
354 c     J1545-0249 15 45 48.80 -02 49 38.6  EE                 51                         II
355       J1548+5813 15 48 26.29 +58 13 14.0  SDSS              455 2630  -0.78                1, 2, 6, 16
356       J1550+1200 15 50 34.84 +12 00 40.8  2MASX 0.30     d   57  190  -0.54   3.37      I  1
357       J1551+0609 15 51 40.33 +06 09 16.7  2MASX 0.31     d   21   77  -0.58   1.23      I  1, 17, 20
358       J1554+5819 15 54 51.41 +58 19 09.5  EE                 10                         I  1
359       J1559-0143 15 59 20.03 -01 43 33.39 EE                 52                         I
360       J1601+3155 16 01 30.74 +31 55 32.4  SDSS               19  113  -0.80             I
361       J1606+5610 16 06 04.55 +56 10 44.7  EE                 17  103  -0.81
362       J1607+4825 16 07 28.21 +48 25 35.2  SDSS  0.97     d   59  378  -0.83 220.26      I  1, 15
363       J1608+0141 16 08 03.55 +01 41 54.34 EE                516 3282  -0.83             I
364       J1609+5844 16 09 29.98 +58 44 08.0  SDSS  0.39     d   21   70  -0.54   2.23      I  1
365       J1616+0926 16 16 53.17 +09 26 35.7  SDSS  0.20     d  225 1197  -0.75   3.94      II 13, 20
366       J1620+4740 16 20 06.81 +47 40 45.7  SDSS              132                         II
367       J1621+1140 16 21 23.34 +11 40 12.5  EE                 18  124  -0.86             I  1
368 a     J1625+3026 16 25 31.80 +30 26 39.4  EE                207 1103  -0.75             II
369       J1625+4456 16 25 23.87 +44 56 23.4  SDSS  0.40     d   66  240  -0.58   6.85      II 20
370       J1625+4813 16 25 12.80 +48 13 03.4  EE                 43  166  -0.60             II
371       J1631+0531 16 31 10.28 +05 31 50.3  2MASX 0.15     d   44                         II 1, 2, 21
372       J1631+0535 16 31 42.43 +05 35 23.1  EE                 12                         II
373       J1633+1710 16 33 51.11 +17 10 54.5  SDSS  0.35     d   33                         II 1
374 b     J1635+2020 16 35 17.08 +20 20 48.5  2MASX 0.15     d   80                         I  1
375       J1635+4309 16 35 16.22 +43 09 55.9  EE                 26                         I
376       J1641+1004 16 41 08.91 +10 04 42.3  EE                211 1230  -0.79             I
377       J1645+1046 16 45 00.34 +10 46 40.1  SDSS               23                         II
378       J1645+5842 16 45 22.51 +58 42 55.8  EE                 62  556  -0.98                1
379 a,b   J1650+3202 16 50 07.71 +32 02 09.0  SDSS  0.30     d   43  119  -0.45  30.3       II 1
380       J1651+3500 16 51 25.35 +35 00 36.2  EE                157  473  -0.49             I
381       J1655+5217 16 55 18.47 +52 17 23.8  EE                 63  470  -0.90             II 1
382 a     J1657+2746 16 57 47.88 +27 46 09.5  2MASX              18   66  -0.58             I  1
383       J1659+2955 16 59 36.94 +29 55 17.2  SDSS               77  846  -1.07             II 15
384       J1701+4959 17 01 37.10 +49 59 14.6  EE                 12                         I
385       J1705+5109 17 05 26.41 +51 09 35.4  EE    0.53     *  342 2570  -0.90  50.27         1, 2, 10
386       J1708+4723 17 08 51.55 +47 23 35.5  EE                  5                         I  1
387       J1718+4202 17 18 02.23 +42 02 11.5  SDSS  0.41     d   17                         II
388 a     J1719+3547 17 19 36.39 +35 47 06.98 SDSS  0.26     *   33   91  -0.45   1.85      I
389       J1723+4757 17 23 51.91 +47 57 32.7  EE                 14                            1
390       J1727+4030 17 27 55.04 +40 30 23.5  EE                 12   67  -0.77
391       J1743+6342 17 43 41.98 +63 42 37.3  EE                 13
392       J2020+0026 20 20 53.29 +00 26 26.1  EE                 17                         II 1
393       J2031+0107 20 31 24.60 +01 07 14.8  EE                 26  131  -0.72
394       J2056+0205 20 56 37.87 +02 05 45.8  EE                 47                         I
395 a     J2127-0127 21 27 10.80 -01 27 21.2  2MASX 0.18     d   75                         II
396       J2127+0042 21 27 22.52 +00 42 57.7  2MASX 0.13     d   11   49  -0.67   0.08      I  1, 13
397       J2131-0555 21 31 53.07 -05 55 55.0  2MASX              39                         II
398       J2138-0545 21 38 19.97 -05 45 44.2  EE                 87                         I
399       J2139+1008 21 39 46.25 +10 08 28.0  2MASX 0.22     d   87                            1
400       J2142-0549 21 42 36.85 -05 49 43.3  EE                 50                            1
401       J2142+1017 21 42 03.49 +10 17 21.8  2MASX 0.07     d   98                         II 2, 10
402       J2145-0659 21 45 03.51 -06 59 24.7  EE                 26                         II
403       J2147+1215 21 47 11.37 +12 15 15.8  SDSS               20                         II 1
404       J2148-0825 21 48 01.28 -08 25 27.5  2MASX 0.13     d   92                         II 13
405       J2150-0744 21 50 10.33 -07 44 17.8  EE                 22                         II 1
406       J2158-0507 21 58 52.69 -05 07 35.8  EE                 37                         II
407       J2201-0451 22 01 39.25 -04 51 36.9  EE                 23                         I  1
408       J2202-0101 22 02 04.86 -01 01 01.4  2MASX 0.18     d   72                         I  13
409 a     J2207-0102 22 07 30.82 -01 02 46.1  EE                 13                         I
410       J2210-0152 22 10 04.77 -01 52 33.9  GALEX              39                         I
411       J2213-0854 22 13 12.43 -08 54 37.1  EE                632                         I
412       J2214-0447 22 14 44.07 -04 47 33.6  EE                 24                         I  1
413       J2215-0757 22 15 49.46 -07 57 39.9  2MASX 0.21     d   24                         I  1, 13
414       J2218+0230 22 18 07.20 +02 30 33.2  EE                 36  256  -0.88             II 1
415       J2221-0747 22 21 16.81 -07 47 42.6  SDSS               85                         II 8
416 a     J2248+0052 22 48 12.59 +00 52 52.8  SDSS  0.41     d   16                         II
417       J2250-0141 22 50 47.02 -01 41 17.2  2MASX 0.11     d  127                         II 1, 16
418 a     J2301+0037 23 01 35.06 +00 37 13.1  SDSS  0.43     d   47  177  -0.59   5.58      I  20
419       J2306-0357 23 06 31.11 -03 57 45.2  EE                103
420       J2312-0919 23 12 12.16 -09 19 28.6  SDSS  0.83     d  180                         II 1, 2, 8, 10
421       J2315-0300 23 15 27.84 -03 00 05.1  EE                 73                         II
422       J2319-0737 23 19 19.27 -07 37 34.5  EE                 70                         II
423       J2320-0433 23 20 49.50 -04 33 58.5  EE                101                         I  1
424       J2328+0038 23 28 54.12 +00 38 48.8  SDSS  0.43         24   57  -0.39   4.32      I
425       J2334-0759 23 34 55.59 -07 59 14.4  EE                 15                         II
426       J2337-0900 23 37 34.47 -09 00 15.4  SDSS               96
427       J2344-0658 23 44 42.31 -06 58 09.8  EE                 82                         I  1
428       J2349-0812 23 49 44.66 -08 12 08.6  EE                 13                         II 1
429 a     J2350-0117 23 50 28.43 -01 17 02.0  2MASX 0.19     d   50                         I  1, 16
430       J2356+0119 23 56 36.26 +01 19 29.1  EE                 23                         II
