  1       J0012-0607 00 12 48.62 -06 07 03.1 2MASX 0.20 d   66                  II 15
  2       J0017+0827 00 17 37.70 +08 27 52.9 EE             55                  I
  3       J0020+0004 00 20 14.18 +00 04 48.0 EE            170  457 -0.44       I  16
  4       J0023+0717 00 23 46.06 +07 17 55.5 2MASX 0.25 d   74                  I  1, 2, 10
  5 c     J0041-0925 00 41 49.95 -09 25 48.6 GALEX          35                  II
  6       J0047+1034 00 47 11.24 +10 34 58.2 2MASS          24
  7       J0054+0302 00 54 43.83 +03 02 10.5 SDSS  0.41 d   18  192 -1.06  1.58    1
  8       J0056-0119 00 56 30.55 -01 19 19.9 EE            162
  9 a,c   J0056-0120 00 56 02.70 -01 20 03.5 CGCG  0.04 d  370                  II 8, 11, 14, 16
 10       J0111+1141 01 11 40.13 +11 41 34.1 EE             13                  II
 11       J0140+0223 01 40 23.32 +02 23 56.7 EE             33  294 -0.98       II
 12       J0148+0000 01 48 07.84 +00 00 52.2 EE             33  120 -0.58       II
 13       J0148+0142 01 48 17.75 +01 42 54.3 EE             15   31 -0.32       I
 14       J0150-0818 01 50 43.47 -08 18 36.7 SDSS           55                  II 1
 15       J0212-0155 02 12 42.34 -01 55 47.7 EE             43                  I
 16 c     J0216-0245 02 16 19.98 -02 45 26.7 EE            122                  I  1
 17       J0223+0640 02 23 27.58 +06 40 39.1 GALEX          81                  II 4
 18       J0231+0531 02 31 17.02 +05 31 09.7 2MASX          31  262 -0.95       I  1, 12
 19       J0256-0542 02 56 20.02 -05 42 49.5 GALEX          38                  II 1
 20       J0317-0816 03 17 41.97 -08 16 39.8 EE             73
 21       J0323-0814 03 23 04.96 -08 14 16.6 EE             16
 22       J0334-0109 03 34 34.09 -01 09 52.3 2MASX 0.14 d   87                  II 13, 16
 23       J0335+0420 03 35 05.72 +04 20 17.1 EE             33  128 -0.61       II
 24       J0337+0421 03 37 50.21 +04 21 04.2 SDSS  0.51 *   30  115 -0.60       I  1
 25       J0340-0111 03 40 31.47 -01 11 40.6 EE              6                     1
 26       J0349-0648 03 49 28.97 -06 48 00.1 EE             37                  I  13
 27       J0356+0013 03 56 50.87 +00 13 23.2 EE            254                  II
 28       J0703+5147 07 03 36.36 +51 47 17.1 EE             64  296 -0.68       I  1
 29       J0709+4331 07 09 06.53 +43 31 35.4 EE             14   66 -0.69       II 1
 30       J0714+3634 07 14 49.33 +36 34 49.8 EE            144  608 -0.64       II
 31       J0718+4820 07 18 25.52 +48 20 20.6 EE             95                  II
 32       J0720+3617 07 20 11.94 +36 17 49.6 SDSS           21                  I
 33 c     J0729+5949 07 29 30.39 +59 49 52.0 2MASS          54
 34       J0731+3251 07 31 13.85 +32 51 15.1 EE             42                  I  1
 35       J0732+4208 07 32 01.32 +42 08 29.9 SDSS  0.29 d   16   33 -0.32  1.43 I
 36       J0732+6150 07 32 19.53 +61 50 03.9 2MASX         102  324 -0.52       II
 37 c     J0734+3611 07 34 41.42 +36 11 37.2 SDSS           62   80 -0.11       II
 38       J0738+3846 07 38 54.99 +38 46 23.4 EE            145                  II 17
 39 c     J0738+4159 07 38 49.51 +41 59 07.5 2MASX 0.18 d  104                  II 13, 20
 40 c     J0743+2710 07 43 06.29 +27 10 14.2 SDSS          111                  II
 41       J0754+3951 07 54 42.69 +39 51 39.1 2MASX 0.29 d   37   63 -0.24  4.16 II 1
 42 c     J0756+6030 07 56 42.43 +60 30 40.2 EE             13   75 -0.78          6
 43       J0802+3904 08 02 22.95 +39 04 21.3 EE             30                  II
 44       J0803+3951 08 03 44.68 +39 51 00.0 EE             20  104 -0.74       I  1
 45       J0809+0934 08 09 26.10 +09 34 03.8 2MASX 0.23 d   16   99 -0.82  0.35 I  1, 13, 20
 46       J0811+3810 08 11 18.94 +38 10 08.7 EE             90  327 -0.58
 47 a     J0819+2522 08 19 38.66 +25 22 22.8 EE             53  286 -0.75       I
 48 c     J0819+5746 08 19 39.25 +57 46 06.6 EE             32                  II
 49       J0819+5804 08 19 11.01 +58 04 20.9 EE             23
 50       J0820+1642 08 20 41.53 +16 42 30.2 EE             23   56 -0.40
 51 c     J0824+5200 08 24 44.68 +52 00 33.8 SDSS  0.30 d   54                  I  20
 52       J0826+1531 08 26 23.62 +15 31 26.6 EE             49   83 -0.24
 53       J0827+0816 08 27 30.03 +08 16 26.1 EE             21                  I
 54 b     J0827+3820 08 27 12.91 +38 20 02.3 GALEX         152                  II
 55 a,c   J0828+2436 08 28 39.63 +24 36 55.8 EE            122                  II
 56 c     J0829+6322 08 29 10.55 +63 22 28.5 2MASX          36                  I  1, 15
 57       J0830+2155 08 30 50.27 +21 55 57.8 EE             17                  I
 58       J0834+3945 08 34 30.09 +39 45 09.5 EE            102  513 -0.72       I  2
 59       J0844+2538 08 44 47.54 +25 38 23.7 EE             11   54 -0.71
 60       J0846+2024 08 46 47.94 +20 24 48.9 EE             48
 61 c     J0850+1349 08 50 53.72 +13 49 00.3 EE            137                  II
 62       J0851+1615 08 51 10.34 +16 15 30.6 SDSS  0.66 d   27                  I
 63 c     J0857+1704 08 57 57.06 +17 04 47.3 2MASX 0.33 d   63                     2, 20
 64       J0858+1620 08 58 39.90 +16 20 08.8 EE             30   64 -0.34       II 1, 20
 65 c     J0901+0259 09 01 25.81 +02 59 28.8 2MASS 0.19 d  281                  II 13
 66 a,b   J0902+3505 09 02 30.30 +35 05 11.0 SDSS           15                     1
 67 c     J0903+4509 09 03 05.38 +45 09 59.7 SDSS  0.21 d  130  403 -0.51  3.79    20
 68       J0914+0824 09 14 50.71 +08 24 42.7 EE             77  378 -0.71       I  1
 69       J0916+1729 09 16 42.69 +17 29 20.4 EE             56  219 -0.61       II
 70       J0916+3818 09 16 48.04 +38 18 06.2 EE            336 1457 -0.66       I  6
 71       J0919-0129 09 19 40.43 -01 29 50.3 EE             25                  I
 72       J0921+0723 09 21 04.79 +07 23 38.3 SDSS  0.30 d   41   72 -0.25  4.79 I
 73       J0922-0724 09 22 39.18 -07 24 27.5 EE            101                  I  1
 74 c     J0927+5423 09 27 04.27 +54 23 46.6 2MASX 0.12 d  199                     13, 16
 75       J0933+1341 09 33 28.30 +13 41 37.5 EE             35  147 -0.64       I  1
 76       J0936+0340 09 36 43.62 +03 40 44.1 SDSS           14                  II 1
 77 a     J0940+2530 09 40 56.39 +25 30 59.5 EE             19  241 -1.14       I
 78       J0942+1523 09 42 14.45 +15 22 56.3 EE             94 1255 -1.16       I  1
 79 c     J0944-0616 09 44 54.86 -06 16 07.9 2MASX          87                  II 1
 80 c     J0951+1802 09 51 13.21 +18 02 08.8 EE            168                  II
 81 a,c   J0953+2924 09 53 27.88 +29 24 19.8 EE            162                  II
 82 c     J1005+2210 10 05 15.91 +22 10 47.5 EE             23                  I
 83       J1005+3000 10 05 00.53 +30 00 04.4 EE             24                  II
 84       J1006+0850 10 06 28.48 +08 50 12.3 EE             34  122 -0.57       I
 85       J1010+2145 10 10 42.61 +21 45 57.3 EE             20   94 -0.69       II 1
 86       J1011-0607 10 11 34.79 -06 07 51.5 EE             23                  II 1
 87       J1013+5532 10 13 07.16 +55 32 01.6 EE             27  120 -0.67       II
 88 c     J1014+0038 10 14 41.93 +00 38 01.5 EE             59                  II
 89 c     J1014+4945 10 14 36.20 +49 45 32.6 2MASX 0.21 d  412                  I  6, 13
 90 a     J1015+2627 10 15 18.55 +26 27 54.9 EE             78  161 -0.32       II
 91       J1016+0930 10 16 05.97 +09 30 12.3 SDSS  0.20 d   85  391 -0.68  1.62 II 13
 92       J1016+4708 10 16 06.64 +47 08 06.6 EE             56  222 -0.62       II
 93       J1017+6352 10 18 01.89 +63 52 30.1 2MASX 0.23 d  222 1349 -0.81  4.96 II 1, 2, 6, 16
 94 a     J1022+3758 10 22 54.28 +37 58 16.6 2MASX 0.23 d   40   94 -0.38  1.88    13
 95       J1023+0851 10 23 22.59 +08 51 26.9 EE             47                  II 1
 96       J1032+0514 10 32 21.43 +05 14 21.8 SDSS           19   48 -0.42       I  14
 97 a     J1032+3152 10 32 15.87 +31 52 35.7 SDSS  0.33 d   56                  I  1
 98 a     J1032+3502 10 32 01.62 +35 02 52.9 2MASX 0.12 d   30                     7, 13
 99       J1035+5907 10 35 41.52 +59 07 07.7 SDSS  0.47 d    9                  II 20
100       J1040+1548 10 40 20.07 +15 48 33.4 EE             18   39 -0.35       II 1
101 a,c   J1042+2907 10 42 54.72 +29 07 17.5 EE             64                  I
102       J1043-0553 10 43 18.94 -05 53 52.5 2MASS         352
103       J1043+0847 10 43 44.72 +08 47 49.8 SDSS           51  224 -0.66
104       J1043+0947 10 43 26.16 +09 47 11.8 SDSS  0.43 d   18  130 -0.88  1.62 II 1, 20
105 c     J1045+1258 10 45 01.48 +12 58 02.8 SDSS  0.30 d   56  318 -0.78  2.33 II 20
106       J1046+0902 10 46 47.92 +09 02 56.6 SDSS           16  110 -0.86       II 1
107       J1046+1631 10 46 56.15 +16 31 25.9 SDSS  0.30 d   33  112 -0.56  1.92 I  1
108       J1048+1857 10 48 45.26 +18 57 57.8 2MASX 0.13 d   88  282 -0.52  0.90 II 13
109 c     J1051+0503 10 51 29.91 +05 03 24.2 2MASX 0.22     89                  II 13, 16
110       J1055+1432 10 55 40.80 +14 32 20.2 EE             58
111       J1056+1128 10 56 14.77 +11 28 42.7 SDSS  0.42 d   22   92 -0.64  2.30 II
112 c     J1104+4726 11 04 44.46 +47 26 56.8 EE             67                  II 1, 6
113       J1105+1235 11 05 28.85 +12 35 14.6 EE             66                  II
114 a,b   J1109+3252 11 09 56.70 +32 52 05.9 EE             22                  II
115       J1110+1159 11 10 06.16 +11 59 43.2 2MASX 0.13 d  122                  II 15, 13
116 c     J1131+2125 11 31 22.88 +21 25 56.5 EE            193                  II
117 c     J1131+0128 11 31 31.07 +01 28 27.8 2MASX 0.24 d   55                  II
118 b     J1131+3908 11 31 57.05 +39 08 00.1 SDSS  0.23 d   30                  II 1, 13
119       J1132+1344 11 32 40.23 +13 44 26.2 EE             11                  II 1
120 c     J1133+4903 11 33 59.34 +49 03 45.5 EE            427                  II 6
121 a     J1137+3000 11 37 33.28 +30 00 06.6 EE              8   45 -0.77          1
122       J1143+1641 11 43 12.27 +16 41 39.3 SDSS           11   49 -0.67       I
123       J1144+3710 11 44 33.74 +37 10 06.5 EE           1070                  II 4, 6
124       J1145+1529 11 45 22.20 +15 29 43.  EE             34                  II
125 c     J1152+4229 11 52 37.64 +42 29 04.7 EE             38                  II 6
126       J1154+1009 11 54 16.57 +10 09 40.4 EE             46  188 -0.63       II 1
127 b     J1156+2048 11 56 38.83 +20 48 47.5 2MASX 0.15 d   19                  I  1, 13
128 c     J1201-0703 12 01 25.73 -07 03 10.9 2MASX         207                  II 8
129 c     J1202+5801 12 02 02.76 +58 01 48.1 EE            855                  I  4
130 c     J1204+2013 12 04 01.70 +20 13 55.7 EE             76                  I
131       J1208+3425 12 08 28.56 +34 25 09.4 EE             80  605 -0.91       II 6
132 c     J1209+5715 12 09 00.38 +57 15 30.5 EE             30                     17
133       J1211+0707 12 11 56.28 +07 07 29.2 2MASX 0.14 d  164                  II 2, 13, 16
134       J1215+3243 12 15 50.25 +32 43 13.0 EE             60  208 -0.56       I
135       J1217+0336 12 17 31.4  +03 36 57.0 SDSS  0.08 d   22                     4
136 c     J1217+0340 12 17 40.19 +03 40 02.1 EE           1125                  II
137       J1220+0203 12 20 13.94 +02 03 52.2 EE            711                  II
138 c     J1222-0449 12 22 23.69 -04 49 35.4 EE            169                  II
139 c     J1225+3737 12 25 25.15 +37 37 28.7 EE            252                  II
140       J1227+4928 12 27 32.29 +49 28 44.0 2MASX 0.12 d  124                     20, 21
141 c     J1229+1140 12 29 51.29 +11 40 40.4 SDSS  0.08 d  781                  II
142 a     J1231+3850 12 31 45.98 +38 50 30.9 2MASX          67                  II 16
143 a     J1234+4012 12 34 56.52 +40 12 54.4 SDSS  0.49 d   46  212 -0.68  6.43 I  1
144       J1235+0741 12 35 37.39 +07 41 10.5 EE              8  157 -1.33       I
145       J1235+5314 12 35 28.51 +53 14 57.7 EE             26  293 -1.08       I
146       J1239+1423 12 39 16.13 +14 23 09.7 SDSS  0.37 d    8                  I  1
147       J1241+6056 12 41 48.03 +60 56 39.4 2MASX 0.23 d   16                     1, 13
148       J1242+5022 12 42 08.74 +50 22 12.8 EE             57                  I
149       J1243-0726 12 43 10.27 -07 26 09.2 EE             59                  I
150 a,b   J1246+3005 12 46 51.53 +30 05 31.1 EE            127  519 -0.63       I  1
151       J1247-0249 12 47 51.48 -02 49 51.6 EE            159                  II 1
152       J1247+0119 12 47 54.54 +01 19 56.5 EE             29
153 c     J1247+0931 12 47 24.16 +09 31 08.9 2MASX 0.19 d  117                  II 13
154 b     J1249+0713 12 49 50.79 +07 13 13.5 EE             33  123 -0.59       II 1
155 c     J1249+5004 12 49 18.69 +50 04 49.5 2MASX 0.25 d  220                  II 13
156       J1256+0126 12 56 28.28 +01 26 04.7 EE             13   67 -0.73       I
157 b     J1259+4906 12 59 30.22 +49 06 00.6 EE             15   46 -0.50       I
158       J1301+2818 13 01 10.80 +28 18 29.8 EE             10                  I  5, 21
159 c     J1308+5311 13 08 33.03 +53 11 19.4 SDSS  0.32 d   21                  I
160       J1311+1922 13 11 17.46 +19 22 46.3 2MASX 0.19 d   36                  I  13, 21
161       J1313+0220 13 13 41.05 +02 20 36.7 EE              7
162 c     J1313+1745 13 13 36.78 +17 45 28.6 2MASX 0.23 d   92  273 -0.49  3.39 II 1, 13
163 c     J1317+1910 13 17 39.52 +19 10 20.8 SDSS  0.27 d  160                  II
164 a,b   J1317+3144 13 17 56.76 +31 44 47.0 2MASX 0.21 d   30                  I
165       J1319+5807 13 19 26.90 +58 07 25.3 SDSS  0.31 d   31                  II
166       J1322+1132 13 22 46.31 +11 32 15.9 SDSS  0.21 d   57                  II 13
167       J1327-0440 13 27 05.57 -04 40 47.2 EE             39                  I
168 c     J1330+0649 13 30 31.07 +06 49 33.8 SDSS  0.28 d  152                  I  18
169       J1330+1904 13 30 46.50 +19 04 44.5 EE             67                  II
170       J1334+1728 13 34 48.60 +17 28 12.3 EE             40                  II
171       J1334+2537 13 34 37.09 +25 37 20.1 2MASX 0.30     28                  II
172 c     J1342+1226 13 42 44.59 +12 26 55.6 2MASX 0.22 d   30                  I  13
173       J1348+3726 13 48 47.55 +37 26 34.2 2MASS 0.21 *   71                     20
174       J1349+4207 13 49 48.35 +42 07 03.7 SDSS  0.23 d   39                  II 13
175       J1349+4828 13 49 36.07 +48 28 44.0 SDSS  0.50 d   29   90 -0.51  5.88 I
176       J1351+0023 13 51 33.47 +00 23 27.6 EE             49                  II
177 c     J1353+0942 13 53 39.85 +09 42 13.5 2MASX 0.13 d   59                  II
178       J1353+3305 13 53 02.05 +33 05 28.5 2MASX 0.06 d   48  136 -0.47  0.11 I  13, 15
179       J1357+0732 13 57 45.57 +07 32 23.7 SDSS  0.11 d   49  277 -0.77  0.23    13
180       J1358+0352 13 58 57.2  +03 52 26.8 EE             64  276 -0.65       II
181       J1359-0102 13 59 50.7  -01 02 38.9 SDSS  0.35 d   30
182       J1359+4443 13 59 59.4  +44 43 57.5 EE             22                  II
183       J1403+0610 14 03 13.29 +06 10 08.3 2MASX 0.08 d  355  555 -0.20  3.03 I  8, 10, 13, 15
184 b,c   J1406+4041 14 06 03.79 +40 41 47.8 SDSS          220 1098 -0.31       II 14
185       J1407+4257 14 07 13.04 +42 57 35.7 SDSS           32                  I
186 c     J1413+4844 14 13 30.45 +48 44 26.9 EE             72  218 -0.50       II
187 c     J1414+1746 14 14 55.75 +17 46 07.9 SDSS           78  349 -0.67       I
188       J1418+0515 14 18 09.17 +05 15 15.5 SDSS  0.58 d   31                  II
189 a,b   J1418+3211 14 18 11.51 +32 11 39.3 SDSS  0.36 d   30                  I
190       J1419+2008 14 19 20.69 +20 08 41.3 EE             22                  II
191 a,b   J1420+2500 14 20 41.85 +25 00 35.0 SDSS  0.36 d  139  483 -0.56 11.85 II
192       J1421-0431 14 21 28.90 -04 31 31.9 EE             61                  II
193 b     J1421+6100 14 21 36.93 +61 00 24.6 2MASX 0.31 d   21  101 -0.70  1.01 II 1
194 c     J1426+0050 14 26 16.34 +00 50 15.4 2MASX 0.12 d   60                  I  13, 16
195 a     J1428+3953 14 28 07.32 +39 53 17.2 SDSS  0.51 d   36  145 -0.62  5.97 II
196       J1432+1247 14 32 25.38 +12 47 24.6 SDSS  0.56 d   72  139 -0.29 28.65 II
197       J1435+4758 14 35 54.89 +47 58 19.2 2MASX 0.25 d    6                  II 1
198       J1439+4931 14 39 09.78 +49 31 37.6 EE             93  230 -0.40
199       J1442+2945 14 42 28.67 +29 45 56.4 EE            110                  I
200       J1444+5406 14 44 53.30 +54 06 17.2 SDSS           71                  II
201       J1451+1622 14 51 44.40 +16 22 46.9 EE             16                  I
202       J1452+0733 14 52 38.29 +07 33 31.6 SDSS  0.40 d   33   58 -0.25  7.10 I
203       J1452+5022 14 52 15.40 +50 22 25.0 SDSS  0.09 d  150                  II
204       J1458+1006 14 58 42.16 +10 06 24.2 EE             58                  II 1
205       J1500+1241 15 00 50.73 +12 41 47.7 EE             82                  I
206 b     J1502+4255 15 02 33.40 +42 55 56.5 SDSS  0.29 d   42  104 -0.41  3.08 II
207       J1505+1546 15 05 47.86 +15 46 50.8 SDSS           22
208 a,b,c J1509+3327 15 09 57.37 +33 27 15.0 2MASX 0.12 d   59                  II 13
209 c     J1514+1017 15 14 49.36 +10 17 03.2 2MASX 0.06 d  192  921 -0.70  0.28 II 1, 2, 10, 13
210 a,b   J1520+2337 15 20 55.66 +23 37 25.2 SDSS  0.31 d   44  191 -0.66  2.26 II
211       J1524+0957 15 24 41.55 +09 57 36.8 EE             83  285 -0.55       I
212       J1526+0438 15 26 14.82 +04 38 30.2 SDSS           20   59 -0.48       II
213       J1530-0703 15 30 58.15 -07 03 29.9 EE            150                  II
214 a,b   J1530+3210 15 30 30.66 +32 10 56.6 SDSS           30   82 -0.45       II
215       J1530+4525 15 30 08.02 +45 25 52.8 EE             55                  II
216 c     J1536-0205 15 36 31.19 -02 05 06.3 2MASX 0.16 *   95                  II 13, 21
217       J1539+1805 15 39 28.61 +18 05 59.2 SDSS  0.31 *  117  451 -0.60  6.57 II
218       J1541+0301 15 41 41.70 +03 01 03.0 SDSS  0.06 d   19                  II 14
219 c     J1544+1755 15 44 09.94 +17 55 04.8 2MASX 0.21 d  166                  I  13, 20
220       J1544+6042 15 44 46.24 +60 42 19.9 EE             16                  I
221       J1545-0237 15 45 47.40 -02 37 59.6 EE             12                  I  1
222 c     J1545+0309 15 45 53.98 +03 09 12.3 2MASX 0.21 d   24                  II 1, 13, 20
223 a     J1546+2620 15 46 30.86 +26 20 31.3 EE             12                  I
224 a     J1548+3610 15 48 49.35 +36 10 35.4 SDSS  0.23 d  120                  II 13
225 c     J1550+1516 15 50 20.46 +15 16 14.1 SDSS  0.14 d   80                  I  13
226       J1551+4025 15 51 54.65 +40 25 18.9 EE             21   91 -0.66
227 c     J1553+1530 15 53 45.53 +15 30 13.6 2MASX 0.13 d  141                  II 1, 13, 20
228       J1555+0326 15 55 32.43 +03 26 57.9 2MASX 0.20 d   46  178 -0.61  0.99 II 1, 13
229       J1555+0446 15 55 18.73 +04 46 26.9 SDSS  0.54 d   21   73 -0.56  4.41 II
230       J1555+4531 15 55 22.00 +45 31 00.8 2MASX 0.07 d   44  140 -0.52  0.12 I  1, 13
231       J1558+5857 15 58 30.11 +58 57 59.1 EE             18  219 -1.12       I
232       J1600+2300 16 00 09.68 +23 00 56.2 SDSS  0.43 d   17                     20
233 a,c   J1603+2857 16 03 38.33 +28 57 48.6 SDSS  0.28 d   21   70 -0.54  1.06 II 20
234       J1603+3133 16 03 40.50 +31 33 00.7 SDSS  0.40 d   37  131 -0.57  3.93 II 1, 20
235 a,b   J1607+3442 16 07 23.84 +34 42 10.9 2MASX 0.29 d   60                     1, 20
236       J1609+6144 16 09 30.66 +61 44 19.5 EE             32  150 -0.69       I  1
237       J1610+1203 16 10 39.03 +12 03 18.8 SDSS           54  511 -1.01       I  1, 2, 16
238       J1611+0415 16 11 02.89 +04 15 03.1 SDSS  0.31 d   40   97 -0.40  3.45 II
239       J1613+1921 16 13 35.02 +19 21 05.8 SDSS          199  803 -0.62       II
240 b     J1616+0906 16 16 10.48 +09 06 55.3 2MASX 0.17 d  172  871 -0.73  2.15 II 1, 2, 13, 16, 20
241 a,c   J1616+4226 16 16 37.83 +42 26 55.7 SDSS          171                  II 20
242       J1623+1110 16 23 46.00 +11 10 47.4 EE             18   52 -0.48       I
243       J1623+4618 16 23 43.99 +46 18 02.6 EE             25   84 -0.54       I
244 c     J1625+0932 16 25 23.45 +09 32 29.2 SDSS           37                  I  14
245 c     J1634+0626 16 34 02.06 +06 26 39.3 2MASX         101                  I
246 c     J1639+5346 16 39 30.32 +53 46 54.9 EE            638                  I
247 b,c   J1640+3247 16 40 53.90 +32 47 28.4 SDSS  0.14 d   62                  I  13
248       J1640+4634 16 40 44.33 +46 34 06.5 SDSS           16                  II 21
249       J1643+1406 16 43 30.08 +14 06 14.2 2MASX 0.18 d   56
250       J1650+3303 16 50 36.46 +33 03 00.1 2MASX 0.16 d   48   93 -0.30  1.32 II 1, 13
251 a,c   J1652+3055 16 52 05.38 +30 55 17.0 EE             92                  I  1
252 c     J1657+4319 16 57 32.98 +43 19 42.1 EE            104                  I  1
253       J1700+4442 17 00 47.39 +44 42 42.0 SDSS  0.48 d   27  124 -0.68  3.60 II 20
254 c     J1703+4139 17 03 32.97 +41 39 57.6 EE             56                  II 1
255 a,c   J1704+2452 17 04 51.26 +24 52 33.6 SDSS           41  202 -0.71       I  1
256 a     J1710+4022 17 10 13.72 +40 22 03.4 SDSS  0.44 d   32   82 -0.42  5.61 I
257       J1713+6347 17 13 16.01 +63 47 37.5 2MASX 0.08 d   21   78 -0.59  0.43    13, 21
258 c     J1721+4726 17 21 52.24 +47 26 36.8 EE             49                  II
259       J1725+4949 17 25 52.31 +49 49 11.7 EE             30  133 -0.67
260       J1726+4530 17 26 13.09 +45 30 28.8 EE             16   84 -0.74       I
261       J1728+4045 17 28 02.55 +40 45 47.1 2MASX          48  164 -0.55       I  1
262 c     J1729+5415 17 29 21.19 +54 15 26.1 2MASX 0.08 d   64                  II 7, 13, 15
263       J1730+5923 17 30 43.60 +59 23 26.5 EE             12
264       J1733+4229 17 33 43.25 +42 29 12.1 EE             22                  II
265       J2058+0930 20 58 45.62 +09 30 09.9 2MASX         167  428 -0.42          1, 2, 8, 10
266       J2102-0145 21 02 14.61 -01 45 09.5 EE             30                  II
267       J2126-0710 21 26 16.07 -07 10 46.4 2MASX 0.11 *  134                  I  1
268       J2137-0134 21 37 26.40 -01 34 14.7 EE             13   53 -0.63       I
269       J2139-0742 21 39 26.27 -07 42 23.4 EE             29                  I
270       J2152+0907 21 52 50.62 +09 07 59.7 2MASX 0.11 d   54                  I
271 a,b   J2154+0037 21 54 22.62 +00 37 10.8 EE             32  235 -0.89          21
272       J2155+0846 21 55 26.18 +08 46 48.5 2MASX 0.15 d  122                  II 8
273       J2155+1231 21 55 41.97 +12 31 28.6 SDSS  0.19 d  488 4589 -1.00  6.97 I  13, 20
274       J2159-0542 21 59 34.35 -05 42 54.3 EE             18                  I  1
275       J2222+1435 22 22 35.28 +14 35 35.4 EE             24                  I
276       J2224+0126 22 24 21.97 +01 26 31.3 EE             40  366 -0.99       I  1
277       J2234+0552 22 34 24.76 +05 52 42.5 2MASX 0.17 d   75                  II 8, 10
278       J2239-0322 22 39 36.63 -03 22 38.1 EE             16                  II
279 c     J2239-0932 22 39 02.43 -09 32 35.6 EE            180                  II 2
280       J2300+1426 23 00 46.83 +14 26 02.8 2MASX 0.15 d  137                  II 1, 13
281       J2304-0952 23 04 29.26 -09 52 04.8 SDSS           77                  II 20
282       J2310-0326 23 10 22.50 -03 26 58.8 EE             24                  II
283       J2310+1441 23 10 15.98 +14 41 22.3 SDSS           43                  I  20
284       J2332-0744 23 32 06.89 -07 44 44.9 EE             20
285       J2332+1016 23 32 36.03 +10 16 27.8 2MASX 0.25 d  106                  I
286 a     J2346-0154 23 46 54.00 -01 54 09.4 EE             83                  II
287       J2348+1157 23 48 02.21 +11 57 22.9 SDSS  0.43 d  385 1800 -0.70 39.65 I  1, 2, 10
